0 2
10 422
10 413
10 431
10 439
10 440
15 426
15 428
15 430
15 428
20 335
20 264
20 268
20 267
20 268
25 361
25 364
25 356
25 359
30 592
30 513
30 527
30 526
30 527
35 576
35 577
35 574
35 579
40 654
40 590
40 613
40 612
40 611
45 632
45 631
45 634
45 632
50 654
50 632
50 632
50 631
50 632
60 655
60 632
60 632
60 631
60 632
70 653
70 631
70 625
70 626
70 624
75 596
75 597
75 595
75 596
80 617
80 573
80 576
80 577
80 576
90 615
90 527
90 516
90 517
90 516
100 506
100 479
100 474
100 476
100 475
110 464
110 442
110 442
110 443
110 442
120 430
120 409
120 409
120 414
120 409
130 400
130 387
130 383
130 382
130 384
140 372
140 361
140 357
140 353
140 353
150 349
150 338
150 338
150 339
150 339
160 328
160 319
160 315
160 316
160 315
170 313
170 300
170 300
170 301
170 299
180 294
180 289
180 285
180 286
180 285
190 283
190 274
190 268
190 271
190 268
200 272
200 268
200 255
200 256
200 257
225 241
225 229
225 231
225 230
250 222
250 219
250 213
250 215
250 216
300 189
350 165
400 151
450 140
500 126